% Intrinsic and Extrinsic Camera Parameters
% For details regarding the calibration parameters visit http://www.vision.caltech.edu/bouguetj/calib_doc/


%-- Focal length:
fc = [ 6581.683679; 6582.370022 ];

%-- Principal point:
cc = [ 1072.853995; 969.786074 ];
%-- Skew coefficient:
alpha_c = 0.000156;

%-- Distortion coefficients:
kc = [-0.155075; 0.264548; -0.000199; 0.000896; 0.000000];


% Extrinsic parameters:

n_ima = 8;
%-- Image #16:
omc_16 = [ 2.438402 ; -0.197624 ; -0.014154 ];
Tc_16 = [ -347.210200 ; 411.176800 ; 2802.184000 ];

%-- 3x4 projection matrix
proj_16 = [ 6549.78 -227.473 -1232.13 721528; -921.084 -4359.11 -4941.44 5.42404e+06; 0.041545 0.639226 -0.767896 2802.18];


%-- Image #17:
omc_17 = [ 2.205264 ; -1.126066 ; 0.330507 ];
Tc_17 = [ 66.156460 ; 454.505100 ; 2736.601000 ];

%-- 3x4 projection matrix
proj_17 = [ 4482.12 -4784.14 -1221.56 3.37186e+06; -3726.1 -2448.83 -4938.37 5.64564e+06; 0.480695 0.42232 -0.768491 2736.6];


%-- Image #18:
omc_18 = [ 1.667739 ; -1.952527 ; 0.651187 ];
Tc_18 = [ 413.842400 ; 258.081200 ; 2874.251000 ];

%-- 3x4 projection matrix
proj_18 = [ -207.039 -6556.11 -1201.71 5.8077e+06; -4360.27 884.748 -4947.05 4.48619e+06; 0.639604 -0.0431614 -0.767492 2874.25];


%-- Image #19:
omc_19 = [ 0.842268 ; -2.587913 ; 0.913967 ];
Tc_19 = [ 491.833200 ; -63.399100 ; 3133.673000 ];

%-- 3x4 projection matrix
proj_19 = [ -4774.71 -4497.87 -1200.35 6.599e+06; -2446.23 3689.52 -4967.04 2.62168e+06; 0.424443 -0.48505 -0.764574 3133.67];


%-- Image #20:
omc_20 = [ -0.228801 ; -2.928849 ; 1.076349 ];
Tc_20 = [ 254.938200 ; -321.832600 ; 3365.920000 ];

%-- 3x4 projection matrix
proj_20 = [ -6551.68 180.776 -1229.8 5.28873e+06; 893.144 4328.49 -4973.39 1.1458e+06; -0.0382851 -0.644994 -0.763228 3365.92];


%-- Image #21:
omc_21 = [ 1.241869 ; 2.443158 ; -0.931534 ];
Tc_21 = [ -158.234400 ; -366.951600 ; 3438.331000 ];

%-- 3x4 projection matrix
proj_21 = [ -4508.38 4750.94 -1254.07 2.647e+06; 3713.12 2436.19 -4954.37 919034; -0.478252 -0.430126 -0.765681 3438.33];


%-- Image #22:
omc_22 = [ 1.958625 ; 1.677781 ; -0.676435 ];
Tc_22 = [ -507.227700 ; -171.689300 ; 3304.252000 ];

%-- 3x4 projection matrix
proj_22 = [ 171.916 6548.88 -1245.87 206392; 4363.22 -894.93 -4942.62 2.0743e+06; -0.640083 0.0346096 -0.767526 3304.25];


%-- Image #23:
omc_23 = [ 2.357597 ; 0.772839 ; -0.360578 ];
Tc_23 = [ -587.283900 ; 149.226600 ; 3040.716000 ];

%-- 3x4 projection matrix
proj_23 = [ 4749.23 4517.06 -1229.04 -602919; 2469.63 -3709.08 -4940.82 3.93111e+06; -0.426896 0.477378 -0.76803 3040.72];


