% Intrinsic and Extrinsic Camera Parameters
% For details regarding the calibration parameters visit http://www.vision.caltech.edu/bouguetj/calib_doc/


%-- Focal length:
fc = [ 6619.414214; 6619.087873 ];

%-- Principal point:
cc = [ 971.495675; 791.266541 ];
%-- Skew coefficient:
alpha_c = -0.000049;

%-- Distortion coefficients:
kc = [-0.144863; -0.103609; 0.000142; 0.000533; 0.000000];


% Extrinsic parameters:

n_ima = 8;
%-- Image #8:
omc_8 = [ 1.172246 ; -2.369663 ; 0.922463 ];
Tc_8 = [ 413.005800 ; 148.889100 ; 3151.988000 ];

%-- 3x4 projection matrix
proj_8 = [ -3448.01 -5675.39 -813.394 5.79595e+06; -3388.23 2653.07 -5091.12 3.47957e+06; 0.551315 -0.40129 -0.731449 3151.99];


%-- Image #9:
omc_9 = [ 0.196222 ; -2.859433 ; 1.123543 ];
Tc_9 = [ 315.116800 ; -62.439260 ; 3354.338000 ];

%-- 3x4 projection matrix
proj_9 = [ -6450.44 -1589.64 -790.746 5.34463e+06; -547.558 4271.06 -5088.88 2.24088e+06; 0.105036 -0.673291 -0.731879 3354.34];


%-- Image #10:
omc_10 = [ 0.867731 ; 2.588344 ; -1.027699 ];
Tc_10 = [ 39.308150 ; -159.899800 ; 3449.382000 ];

%-- 3x4 projection matrix
proj_10 = [ -5689.52 3434.56 -770.444 3.61131e+06; 2610.89 3403.63 -5102.65 1.67099e+06; -0.404636 -0.551138 -0.729737 3449.38];


%-- Image #11:
omc_11 = [ 1.670768 ; 1.921379 ; -0.774495 ];
Tc_11 = [ -252.474200 ; -85.859960 ; 3384.479000 ];

%-- 3x4 projection matrix
proj_11 = [ -1607.43 6447.3 -780.374 1.6168e+06; 4234.06 554.936 -5118.91 2.10971e+06; -0.678228 -0.10642 -0.727105 3384.48];


%-- Image #12:
omc_12 = [ 2.179381 ; 1.084401 ; -0.448776 ];
Tc_12 = [ -390.370700 ; 116.614900 ; 3199.450000 ];

%-- 3x4 projection matrix
proj_12 = [ 3421.43 5693.17 -801.333 524188; 3378.55 -2615.96 -5116.7 3.3035e+06; -0.555895 0.402335 -0.727397 3199.45];


%-- Image #13:
omc_13 = [ 2.386323 ; 0.162629 ; -0.086635 ];
Tc_13 = [ -292.520000 ; 330.025600 ; 3002.105000 ];

%-- 3x4 projection matrix
proj_13 = [ 6445.73 1595.16 -817.622 980113; 528.028 -4265.1 -5095.94 4.55993e+06; -0.108766 0.674014 -0.730667 3002.11];


%-- Image #14:
omc_14 = [ 2.284503 ; -0.765609 ; 0.283591 ];
Tc_14 = [ -17.401570 ; 427.278900 ; 2902.496000 ];

%-- 3x4 projection matrix
proj_14 = [ 5692.84 -3421.91 -801.599 2.70443e+06; -2627.29 -3401.16 -5095.87 5.12484e+06; 0.400195 0.553056 -0.730735 2902.5];


%-- Image #15:
omc_15 = [ 1.882088 ; -1.632309 ; 0.630960 ];
Tc_15 = [ 274.104300 ; 353.852400 ; 2962.144000 ];

%-- 3x4 projection matrix
proj_15 = [ 1624.33 -6441.59 -792.399 4.692e+06; -4255.21 -564.606 -5100.28 4.68603e+06; 0.674617 0.109104 -0.73006 2962.14];


