% Intrinsic and Extrinsic Camera Parameters
% For details regarding the calibration parameters visit http://www.vision.caltech.edu/bouguetj/calib_doc/


%-- Focal length:
fc = [ 6628.903594; 6628.918895 ];

%-- Principal point:
cc = [ 1192.726247; 750.283368 ];
%-- Skew coefficient:
alpha_c = 0.000041;

%-- Distortion coefficients:
kc = [-0.145175; -0.218919; -0.001546; 0.000115; 0.000000];


% Extrinsic parameters:

n_ima = 8;
%-- Image #16:
omc_16 = [ 1.744298 ; -1.129410 ; 0.720402 ];
Tc_16 = [ 78.596280 ; 378.871300 ; 2656.095000 ];

%-- 3x4 projection matrix
proj_16 = [ 3710.98 -5596.97 -517.228 3.6891e+06; -1909.67 -840.812 -6336.54 4.50433e+06; 0.827903 0.374418 -0.417597 2656.09];


%-- Image #17:
omc_17 = [ 1.267244 ; -1.830402 ; 1.170167 ];
Tc_17 = [ 286.698800 ; 284.504500 ; 2860.582000 ];

%-- 3x4 projection matrix
proj_17 = [ -1308.72 -6586.89 -514.926 5.31247e+06; -1953.04 747.149 -6335.05 4.0322e+06; 0.851048 -0.317471 -0.418246 2860.58];


%-- Image #18:
omc_18 = [ 0.524124 ; -2.412959 ; 1.542378 ];
Tc_18 = [ 275.136200 ; 156.513600 ; 3143.334000 ];

%-- 3x4 projection matrix
proj_18 = [ -5579.92 -3737.99 -506.823 5.57303e+06; -867.515 1913.61 -6331.75 3.39591e+06; 0.377372 -0.825502 -0.419686 3143.33];


%-- Image #19:
omc_19 = [ 0.441203 ; 2.454792 ; -1.572059 ];
Tc_19 = [ 49.427130 ; 69.673180 ; 3334.032000 ];

%-- 3x4 projection matrix
proj_19 = [ -6590.59 1301.01 -486.251 4.30425e+06; 718.673 1961.92 -6335.6 2.96333e+06; -0.318109 -0.850925 -0.41801 3334.03];


%-- Image #20:
omc_20 = [ 1.210521 ; 1.885192 ; -1.210622 ];
Tc_20 = [ -258.673600 ; 74.796020 ; 3320.777000 ];

%-- 3x4 projection matrix
proj_20 = [ -3738.8 5581.49 -482.982 2.24608e+06; 1876.75 868.969 -6342.57 2.98734e+06; -0.828093 -0.376918 -0.414964 3320.78];


%-- Image #21:
omc_21 = [ 1.711925 ; 1.188038 ; -0.766552 ];
Tc_21 = [ -468.302800 ; 169.374000 ; 3116.202000 ];

%-- 3x4 projection matrix
proj_21 = [ 1297.45 6590.23 -500.479 612488; 1926.02 -725.046 -6345.88 3.4608e+06; -0.853321 0.317579 -0.413506 3116.2];


%-- Image #22:
omc_22 = [ 1.962946 ; 0.426623 ; -0.278832 ];
Tc_22 = [ -457.329000 ; 297.553500 ; 2839.030000 ];

%-- 3x4 projection matrix
proj_22 = [ 5571.55 3749.39 -514.662 354676; 842.265 -1883.28 -6344.24 4.10254e+06; -0.380579 0.826789 -0.41422 2839.03];


%-- Image #23:
omc_23 = [ 1.977758 ; -0.356178 ; 0.223410 ];
Tc_23 = [ -232.200100 ; 385.469300 ; 2648.641000 ];

%-- 3x4 projection matrix
proj_23 = [ 6591.46 -1282.87 -521.452 1.61998e+06; -745.659 -1955.4 -6334.5 4.54248e+06; 0.313729 0.852321 -0.418477 2648.64];


