% Intrinsic and Extrinsic Camera Parameters
% For details regarding the calibration parameters visit http://www.vision.caltech.edu/bouguetj/calib_doc/


%-- Focal length:
fc = [ 6644.158796; 6639.718781 ];

%-- Principal point:
cc = [ 974.051090; 708.302330 ];
%-- Skew coefficient:
alpha_c = -0.000315;

%-- Distortion coefficients:
kc = [-0.152046; -0.050096; -0.001488; -0.000074; 0.000000];


% Extrinsic parameters:

n_ima = 8;
%-- Image #0:
omc_0 = [ 1.910812 ; -0.681512 ; 0.377327 ];
Tc_0 = [ -19.662350 ; 418.935800 ; 2506.006000 ];

%-- 3x4 projection matrix
proj_0 = [ 5776.37 -3354.88 -687.039 2.30946e+06; -1538.66 -1558.96 -6307.91 4.55663e+06; 0.540407 0.726904 -0.423758 2506.01];


%-- Image #1:
omc_1 = [ 1.575060 ; -1.418853 ; 0.857258 ];
Tc_1 = [ 269.817300 ; 365.070100 ; 2590.350000 ];

%-- 3x4 projection matrix
proj_1 = [ 1734.2 -6451.7 -679.545 4.31508e+06; -2187.44 -28.2598 -6308.87 4.25871e+06; 0.895868 0.134437 -0.423493 2590.35];


%-- Image #2:
omc_2 = [ 0.988730 ; -2.070685 ; 1.285145 ];
Tc_2 = [ 403.808400 ; 242.864000 ; 2840.834000 ];

%-- 3x4 projection matrix
proj_2 = [ -3324.58 -5793.72 -688.206 5.44958e+06; -1574.01 1535.46 -6304.95 3.62472e+06; 0.729335 -0.53615 -0.424986 2840.83];


%-- Image #3:
omc_3 = [ 0.138837 ; -2.564237 ; 1.623596 ];
Tc_3 = [ 303.313200 ; 123.847900 ; 3107.876000 ];

%-- 3x4 projection matrix
proj_3 = [ -6448.66 -1750.2 -667.236 5.04223e+06; -48.3852 2196 -6305.77 3.02363e+06; 0.135819 -0.894932 -0.42503 3107.88];


%-- Image #4:
omc_4 = [ 0.801698 ; 2.275396 ; -1.469622 ];
Tc_4 = [ 25.884810 ; 77.033700 ; 3233.128000 ];

%-- 3x4 projection matrix
proj_4 = [ -5795.47 3328.04 -655.931 3.32105e+06; 1502.68 1575.77 -6312.41 2.80151e+06; -0.538811 -0.728865 -0.42242 3233.13];


%-- Image #5:
omc_5 = [ 1.463051 ; 1.629642 ; -1.080216 ];
Tc_5 = [ -264.986200 ; 130.424200 ; 3144.912000 ];

%-- 3x4 projection matrix
proj_5 = [ -1748.72 6449.83 -659.773 1.30242e+06; 2158.79 43.7646 -6318.64 3.09353e+06; -0.897537 -0.135257 -0.419682 3144.91];


%-- Image #6:
omc_6 = [ 1.857624 ; 0.890092 ; -0.622218 ];
Tc_6 = [ -399.452100 ; 252.347900 ; 2898.590000 ];

%-- 3x4 projection matrix
proj_6 = [ 3308.77 5803.95 -678.073 168823; 1548.72 -1504.63 -6318.63 3.7286e+06; -0.732425 0.536381 -0.419344 2898.59];


%-- Image #7:
omc_7 = [ 2.007332 ; 0.108143 ; -0.129810 ];
Tc_7 = [ -299.527000 ; 372.590400 ; 2635.451000 ];

%-- 3x4 projection matrix
proj_7 = [ 6440.7 1767.43 -698.019 576179; 21.8547 -2188.6 -6308.5 4.34059e+06; -0.140263 0.895071 -0.423289 2635.45];


